0.000000 0.785260
0.017453 0.786179
0.034907 0.786391
0.052360 0.785902
0.069813 0.784696
0.087266 0.782755
0.104720 0.780121
0.122173 0.777173
0.139626 0.773710
0.157080 0.769608
0.174533 0.764842
0.191986 0.759379
0.209440 0.753233
0.226893 0.746398
0.244346 0.739086
0.261799 0.732477
0.279253 0.725739
0.296706 0.718407
0.314159 0.710456
0.331613 0.701949
0.349066 0.692794
0.366519 0.683009
0.383972 0.672693
0.401426 0.661796
0.418879 0.650448
0.436332 0.638750
0.453786 0.626653
0.471239 0.614173
0.488692 0.601353
0.506145 0.588207
0.523599 0.574753
0.541052 0.561014
0.558505 0.547019
0.575959 0.532736
0.593412 0.518351
0.610865 0.503734
0.628319 0.489009
0.645772 0.474286
0.663225 0.459726
0.680678 0.445413
0.698132 0.431446
0.715585 0.418149
0.733038 0.406338
0.750492 0.396003
0.767945 0.387733
0.785398 0.384463
0.802851 0.387733
0.820305 0.396003
0.837758 0.406338
0.855211 0.418149
0.872665 0.431446
0.890118 0.445413
0.907571 0.459726
0.925025 0.474285
0.942478 0.489009
0.959931 0.503734
0.977384 0.518351
0.994838 0.532736
1.012291 0.547019
1.029744 0.561014
1.047198 0.574753
1.064651 0.588207
1.082104 0.601353
1.099557 0.614173
1.117011 0.626653
1.134464 0.638750
1.151917 0.650448
1.169371 0.661796
1.186824 0.672693
1.204277 0.683009
1.221730 0.692794
1.239184 0.701949
1.256637 0.710456
1.274090 0.718407
1.291544 0.725739
1.308997 0.732477
1.326450 0.739086
1.343904 0.746398
1.361357 0.753233
1.378810 0.759379
1.396263 0.764842
1.413717 0.769608
1.431170 0.773710
1.448623 0.777173
1.466077 0.780121
1.483530 0.782755
1.500983 0.784696
1.518436 0.785902
1.535890 0.786391
1.553343 0.786179
