#132 vcd
3.199170e+01 9.831000e-05
4.484440e+01 1.305500e-04
5.045520e+01 -3.927300e-04
6.967030e+01 -1.194600e-04
8.309220e+01 -8.082000e-04
9.898420e+01 -2.690000e-05
1.134236e+02 2.532400e-03
1.188679e+02 -1.205130e-03
1.359570e+02 -4.358000e-05
1.648756e+02 1.468600e-04
2.116631e+02 1.351000e-04
2.156603e+02 -6.147900e-04
2.521458e+02 -1.621600e-04
2.646231e+02 1.586600e-04
2.705058e+02 -1.146200e-04
3.133648e+02 -9.867000e-05
3.255434e+02 1.367600e-04
3.668775e+02 -1.345000e-04
3.850222e+02 6.965200e-04
3.988612e+02 -4.716200e-04
4.109842e+02 -1.080570e-03
4.142772e+02 -3.025370e-03
4.281557e+02 8.206400e-04
4.414960e+02 -2.871500e-04
4.527499e+02 -1.162400e-04
4.558901e+02 1.100000e-07
4.780108e+02 1.520820e-03
4.840521e+02 -2.379400e-04
5.170890e+02 -2.867900e-04
5.248499e+02 5.232380e-03
5.295170e+02 5.927600e-04
5.608746e+02 3.500790e-03
5.666497e+02 -7.402760e-03
5.869439e+02 3.334000e-05
5.950687e+02 9.654600e-03
6.330820e+02 1.001780e-03
6.435566e+02 -1.494800e-03
6.501678e+02 -3.019460e-03
6.548559e+02 2.328010e-03
6.548789e+02 -6.151320e-03
6.759915e+02 1.449500e-03
6.793708e+02 9.984500e-04
6.800098e+02 1.304230e-03
6.901182e+02 3.954900e-04
6.997938e+02 9.922220e-03
7.005822e+02 -1.250395e-02
7.032188e+02 3.663580e-03
7.245912e+02 -2.826400e-04
7.302629e+02 -1.029350e-03
7.728739e+02 -5.724200e-04
7.878791e+02 -1.034000e-05
7.879994e+02 2.077340e-03
8.060974e+02 -1.460190e-03
8.206001e+02 -1.990400e-04
8.219879e+02 -1.265700e-04
8.527152e+02 -1.036120e-03
8.570090e+02 -7.013000e-05
8.597194e+02 2.239550e-03
8.691523e+02 -1.486941e-02
8.781188e+02 -8.124060e-03
8.789514e+02 6.124220e-03
8.878212e+02 8.854030e-03
9.387540e+02 6.959560e-03
9.556382e+02 -1.191500e-03
9.591902e+02 -7.688200e-04
9.815220e+02 -1.025200e-04
9.873090e+02 -2.173000e-04
9.912260e+02 -5.944000e-05
9.957837e+02 -1.515800e-04
9.993493e+02 1.812000e-05
1.006762e+03 6.994000e-05
1.007621e+03 -5.850000e-06
1.045030e+03 1.803040e-03
1.075351e+03 -6.095000e-05
1.120359e+03 1.879500e-04
1.145375e+03 -9.510500e-04
1.172932e+03 6.360000e-06
1.173259e+03 -6.709400e-04
1.182129e+03 -1.425600e-04
1.182193e+03 1.361000e-05
1.210204e+03 -2.593950e-03
1.212781e+03 -1.323960e-03
1.221297e+03 -4.744200e-04
1.229293e+03 1.217000e-04
1.241979e+03 -5.596000e-05
1.244061e+03 2.179000e-05
1.249714e+03 -2.238000e-05
1.254971e+03 -5.155800e-04
1.284018e+03 -4.952900e-04
1.304447e+03 -2.341200e-04
1.319199e+03 -1.546530e-03
1.360964e+03 4.955800e-04
1.378796e+03 -8.736100e-04
1.395569e+03 -6.217500e-04
1.401754e+03 -7.600000e-05
1.407514e+03 -2.692000e-05
1.416255e+03 4.007800e-04
1.432955e+03 -1.027730e-03
1.435562e+03 1.399600e-04
1.439978e+03 3.168200e-04
1.468600e+03 -3.777900e-04
1.476494e+03 -1.450600e-04
1.515992e+03 -1.306800e-04
1.524531e+03 1.084300e-04
1.543960e+03 7.574300e-04
1.556495e+03 -3.029110e-03
1.570881e+03 1.470380e-03
1.587126e+03 7.566000e-05
1.624766e+03 6.975900e-04
1.656446e+03 -3.266300e-04
1.667410e+03 -6.087000e-05
1.668420e+03 -1.475040e-03
1.674506e+03 -2.828000e-04
1.675444e+03 -9.570000e-05
2.211676e+03 -2.049530e-03
2.211714e+03 3.269360e-03
3.162541e+03 2.272200e-04
3.163148e+03 2.407900e-04
3.164617e+03 2.727600e-04
3.166140e+03 7.568000e-05
3.169629e+03 9.809100e-04
3.169635e+03 -8.149500e-04
3.181689e+03 -2.776900e-04
3.182603e+03 1.865370e-03
3.183862e+03 6.953900e-04
3.185078e+03 -4.192690e-03
3.199081e+03 -6.604300e-04
3.199184e+03 1.303760e-03
3.230245e+03 -2.160000e-05
3.230446e+03 3.290400e-04
3.462315e+03 2.993531e-02
3.462420e+03 -2.426535e-02
